%YAML:1.0
---
camera_matrix: !!opencv-matrix
   rows: 3
   cols: 3
   dt: d
   data: [ 1161.3293730198341, 0., 196.7382596535534, 0.,
       1179.8605431353901, 291.11769216596286, 0., 0., 1. ]
distortion_coefficients: !!opencv-matrix
   rows: 1
   cols: 5
   dt: d
   data: [ 0.85494258627847641, -16.965126279421789,
       0.013698845248160932, -0.043531847168796267, 198.65943809212501 ]
